100 1000 5
1 14 9273
1 22 4570
1 28 63
1 38 7704
1 61 8620
1 80 6276
1 81 5841
1 86 1738
1 89 7221
1 100 5524
2 45 2729
2 49 9961
2 66 7233
2 71 4941
2 76 3225
2 85 4447
3 1 2201
3 17 2065
3 18 6474
3 22 9415
3 30 7843
3 32 6709
3 41 4702
3 42 9316
3 45 4183
3 78 9621
3 79 901
3 82 8036
3 83 8799
3 89 2351
3 93 7771
4 7 9424
4 27 1460
4 33 8357
4 39 7950
4 45 9058
4 82 9875
4 91 5452
4 99 5418
5 6 7237
5 16 6851
5 23 9368
5 27 8205
5 29 3248
5 50 8525
5 52 8694
5 62 2361
5 65 867
5 71 4002
5 78 977
5 84 7098
6 7 5121
6 22 6123
6 32 98
6 68 1306
6 72 314
6 96 3586
7 8 4934
7 10 1177
7 39 9230
7 49 4220
7 50 9229
7 55 9195
7 72 3728
7 84 9583
7 97 2731
7 98 4341
8 16 6400
8 47 794
8 50 3540
8 54 3483
8 78 3663
8 96 5542
9 27 1795
9 51 4124
9 56 9955
9 71 6490
9 75 4516
9 82 8323
10 9 3305
10 12 790
10 18 1766
10 49 7907
10 57 2017
10 63 906
10 74 4002
10 77 897
10 79 2738
11 2 6703
11 5 743
11 39 9194
11 50 9688
11 57 8773
11 58 419
11 87 7582
11 88 5191
11 96 2985
12 2 1528
12 7 3854
12 16 1390
12 17 6294
12 21 5009
12 32 292
12 45 3291
12 49 3860
12 59 7879
12 62 6350
12 64 3017
12 66 7314
12 73 8114
12 78 2632
12 84 5300
12 85 4372
12 100 781
13 28 6031
13 36 4259
13 37 9616
13 40 5403
13 53 6226
13 54 1390
13 62 6608
13 84 4638
13 94 3350
13 95 4823
14 10 1169
14 18 4118
14 31 6931
14 68 9851
14 72 5960
14 75 3597
14 80 6117
15 8 684
15 11 6336
15 13 9333
15 20 1092
15 26 3409
15 31 7367
15 36 7737
15 55 5769
15 60 327
15 69 2195
15 70 229
15 92 1777
15 96 5390
15 97 1575
15 99 9362
16 9 3598
16 28 1017
16 34 4720
16 79 6273
16 86 5059
16 97 6043
17 8 1368
17 48 9225
17 64 7003
17 75 5035
17 94 5078
17 97 3563
18 6 6247
18 12 8751
18 31 7836
18 36 2791
18 39 5764
18 41 5937
18 44 5855
18 58 998
18 67 6138
18 70 6300
18 87 6636
18 88 6461
18 89 8255
18 91 4793
18 94 7312
19 9 6561
19 13 7260
19 16 7106
19 17 4207
19 21 3877
19 36 7730
19 38 6439
19 43 3644
19 50 3588
19 55 145
19 65 1498
19 72 4039
19 73 2112
19 80 8543
19 82 5740
19 83 9202
20 5 6970
20 6 9531
20 9 7922
20 22 2934
20 27 7949
20 31 2424
20 38 3824
20 60 4794
20 62 9450
20 84 696
21 14 9251
21 53 7230
21 72 4149
21 78 4697
21 95 4337
21 100 3872
22 11 7848
22 25 5598
22 26 8985
22 40 9084
22 43 5653
22 58 572
22 59 9695
22 74 8828
22 80 9309
22 88 9225
23 8 7521
23 21 2698
23 41 5875
23 61 1354
23 69 7347
23 90 7238
23 100 7568
24 18 5796
24 21 8397
24 30 560
24 38 2934
24 48 723
24 56 5993
24 61 8089
24 68 9185
24 69 5003
24 72 4555
24 83 9715
24 88 5895
25 3 966
25 4 1865
25 10 8053
25 14 9810
25 16 8283
25 17 4568
25 24 8032
25 28 1052
25 35 9229
25 39 4949
25 49 7723
25 59 429
25 60 5076
26 1 8912
26 23 408
26 24 8125
26 41 3798
26 50 5270
26 52 7869
26 53 3581
26 60 9033
26 62 6215
26 64 5029
26 74 6576
26 80 288
26 92 9109
27 16 5691
27 17 9668
27 21 4325
27 22 9480
27 24 9660
27 57 1804
27 60 7932
27 63 5281
27 70 1061
27 73 3177
27 75 1833
27 96 2382
28 12 7860
28 20 1410
28 24 5855
28 29 1353
28 45 2769
28 68 8893
28 74 5435
28 92 5455
29 1 5228
29 26 1464
29 33 9261
29 46 9910
29 60 4793
29 64 8220
29 69 8257
29 78 2410
29 83 5666
29 93 2738
30 15 5745
30 39 4838
30 40 2538
30 44 5375
30 54 8907
30 66 6330
30 84 7633
30 87 6961
30 90 1496
30 91 7501
30 95 9066
30 99 3657
31 7 7731
31 39 5960
31 53 393
31 54 3079
31 61 7563
31 70 3065
31 72 1401
31 79 1702
32 2 3064
32 4 1932
32 7 240
32 17 3476
32 25 6133
32 42 6690
32 56 6693
32 70 9718
32 88 7468
33 9 3013
33 22 6784
33 40 260
33 56 6733
33 66 9825
33 95 8561
34 1 5771
34 7 4017
34 19 2381
34 26 9193
34 31 1481
34 32 2519
34 39 6437
34 62 3285
34 68 1982
34 74 2503
34 75 3847
35 2 2431
35 5 7405
35 16 6489
35 17 9245
35 32 6058
35 33 811
35 36 5709
35 43 8119
35 46 3495
35 70 6764
35 89 7779
36 20 6012
36 46 7266
36 49 1303
36 53 5670
36 56 9057
36 58 7699
36 59 2985
36 69 7876
36 77 5748
36 82 8715
36 85 5333
36 96 9890
37 14 9908
37 18 4916
37 19 449
37 30 6882
37 39 4997
37 41 9886
37 48 3868
37 53 7633
37 65 9565
37 94 5799
38 5 748
38 22 9756
38 46 4068
38 64 4192
38 69 3193
38 74 6131
38 83 8814
38 95 8064
39 1 8929
39 12 2590
39 19 3289
39 22 5205
39 23 1182
39 68 6863
39 70 6590
39 74 2734
39 75 9762
39 77 8803
39 91 9252
40 3 2942
40 26 3535
40 29 1802
40 46 6216
40 58 364
40 70 3961
40 74 5472
40 85 1094
41 4 85
41 24 48
41 50 9637
41 54 1669
41 61 7316
41 68 4436
41 73 9499
41 74 6676
41 75 8234
41 78 830
41 82 2086
42 2 3804
42 7 2025
42 10 2574
42 17 3931
42 23 8922
42 30 4197
42 44 2585
42 61 62
42 66 6638
42 68 1195
42 76 4454
43 4 4148
43 13 2012
43 17 6169
43 29 4846
43 34 9980
43 47 3581
43 58 6093
43 66 7121
43 72 4164
44 4 7624
44 9 50
44 12 6229
44 21 27
44 26 3674
44 36 8796
44 37 4830
44 55 2850
44 67 1244
44 68 5637
44 78 687
44 95 6316
45 6 7860
45 10 8424
45 14 5281
45 23 192
45 36 8334
45 44 2936
45 56 3734
45 61 9250
45 73 5238
45 76 7396
45 85 5890
46 2 3531
46 13 676
46 19 8348
46 20 8737
46 24 9701
46 26 9279
46 31 7683
46 49 34
46 60 3835
46 68 2519
46 69 982
46 70 3151
46 76 5283
47 3 4124
47 4 7059
47 16 3275
47 27 1928
47 29 6915
47 31 8830
47 46 4735
47 52 6585
47 54 785
47 65 5346
47 74 9655
47 100 4741
48 13 1936
48 31 5110
48 32 7850
48 39 3456
48 71 3426
48 84 672
48 89 7925
48 93 1586
49 1 6900
49 29 4424
49 32 9688
49 37 1217
49 42 5613
49 50 5699
49 57 7775
49 58 368
49 79 8668
49 89 9066
50 10 6523
50 21 6925
50 32 6552
50 36 3919
50 39 6114
50 48 3863
50 57 7862
50 77 5268
50 96 9950
51 1 5647
51 2 7343
51 3 5847
51 26 3304
51 35 5967
51 40 5124
51 67 9410
51 68 3166
51 74 6665
51 81 7231
51 89 5317
52 2 9407
52 54 7933
52 57 7357
52 65 4329
52 67 7170
52 69 9760
52 71 9852
52 81 5704
52 86 470
52 88 4632
52 96 4001
53 9 5510
53 12 7077
53 23 1460
53 28 9494
53 35 6187
53 65 4702
53 77 792
53 87 3248
53 93 7378
53 94 8311
53 97 1255
54 9 7336
54 14 7995
54 23 8807
54 66 7245
54 94 8316
55 3 9535
55 26 2893
55 40 7890
55 41 7695
55 48 667
55 65 4189
55 71 7215
55 77 3706
55 81 3011
55 95 5654
56 2 5610
56 4 4296
56 7 8263
56 22 3193
56 26 2520
56 27 1416
56 37 6490
56 38 538
56 42 383
56 59 6491
56 85 5687
56 89 5382
56 99 9828
57 7 7220
57 14 2615
57 24 6785
57 28 6153
57 36 5545
57 43 4861
57 47 3780
57 55 6957
57 61 6926
57 70 4176
57 71 5254
57 83 1139
57 92 859
57 95 1024
58 17 1111
58 21 9052
58 28 2601
58 29 409
58 35 4611
58 62 4009
58 78 6217
58 90 8945
59 3 6051
59 11 4899
59 40 8817
59 45 3208
59 52 7610
59 54 200
59 64 6071
59 71 9228
59 74 9499
59 81 3125
60 1 8946
60 3 3409
60 8 7343
60 10 8106
60 14 1757
60 47 4506
60 56 809
60 58 8477
60 75 1365
60 76 7013
60 85 3480
61 3 5401
61 8 7738
61 14 5706
61 16 4017
61 20 8078
61 32 5701
61 33 1461
61 38 8511
61 49 5209
61 71 7905
61 77 8319
61 80 4146
61 81 7652
61 82 9130
61 87 1847
61 100 4038
62 8 2413
62 15 1774
62 27 8636
62 35 3413
62 37 7787
62 42 2594
62 46 7203
62 49 6960
62 55 9866
62 60 750
62 100 9993
63 1 7487
63 14 195
63 34 7029
63 43 6747
63 45 5784
63 50 4693
63 53 4389
63 61 9034
63 71 1765
63 77 3923
64 7 9668
64 19 6109
64 35 6836
64 49 4469
64 51 6648
64 67 1952
64 81 7566
64 93 1667
65 39 265
65 58 3599
65 72 535
65 86 3530
65 95 2129
66 14 728
66 21 8453
66 32 5960
66 52 7305
66 62 6446
66 71 7607
66 80 9187
66 82 2312
66 83 9399
66 86 6426
66 93 5468
67 3 4344
67 4 7068
67 9 5397
67 27 8010
67 32 1837
67 38 335
67 42 8189
67 43 1210
67 56 6171
67 77 9298
67 87 4054
68 7 2042
68 9 4730
68 10 403
68 18 1423
68 22 2809
68 23 5113
68 55 4658
68 61 2819
68 73 5053
68 76 675
68 84 7301
68 96 988
68 98 4766
69 8 7255
69 35 8571
69 37 6259
69 48 8822
69 64 1231
69 81 5788
70 14 5216
70 19 2696
70 25 8709
70 37 6666
70 43 541
70 74 9364
70 77 6111
70 82 3902
70 98 2158
71 24 9560
71 41 1864
71 46 979
71 60 9629
71 77 3177
71 91 9429
72 5 9234
72 11 5796
72 12 1963
72 75 1604
72 78 6215
72 96 1620
73 2 3489
73 6 5941
73 13 5194
73 25 2346
73 32 6333
73 40 1603
73 49 6028
73 52 4888
73 54 6527
73 55 7285
73 63 7219
73 75 6454
73 76 5246
73 80 551
73 99 9230
74 9 4429
74 24 7756
74 42 8256
74 64 9063
74 80 7496
74 83 3625
74 88 8396
74 90 6071
74 96 8049
75 1 8130
75 5 3046
75 13 9026
75 28 5796
75 64 5005
75 74 2636
75 80 4464
75 89 2656
75 94 341
76 4 1477
76 5 6212
76 8 8879
76 28 7790
76 38 4498
76 39 6252
76 51 468
76 66 5052
76 70 5272
76 88 6765
77 5 7739
77 20 1506
77 37 5256
77 62 3462
77 95 5292
78 6 7190
78 10 4310
78 22 146
78 24 3071
78 25 3016
78 39 2448
78 64 4534
78 67 8776
78 71 2165
78 80 2851
78 83 5343
78 84 1521
78 90 2821
79 8 6121
79 18 596
79 26 6649
79 34 2107
79 39 5800
79 54 7173
79 56 1950
79 68 1275
79 70 5109
79 82 1689
79 83 4963
79 97 2154
80 5 4968
80 8 2492
80 25 1675
80 28 4843
80 36 3253
80 42 3041
80 59 6351
80 60 6669
80 67 5297
80 69 6444
81 7 2718
81 12 2367
81 14 5662
81 20 1303
81 23 6290
81 34 5519
81 46 1136
81 57 8742
81 67 8055
81 70 1284
81 73 4976
81 82 797
81 91 9326
82 10 299
82 21 2461
82 35 9893
82 42 7884
82 54 3902
82 64 7593
82 69 9767
82 91 5355
83 1 584
83 2 1163
83 4 7458
83 13 5844
83 27 3648
83 45 9938
83 54 6659
83 59 5830
83 70 202
83 87 7257
84 15 2294
84 17 5284
84 25 1307
84 36 4709
84 42 6312
84 43 62
84 45 3460
84 53 5179
84 63 4800
84 69 5513
84 79 1273
84 87 7104
84 93 6257
84 94 1417
85 20 1414
85 23 9979
85 31 1200
85 42 8045
85 43 7805
85 57 1120
85 70 2951
85 80 3615
86 12 8089
86 13 3634
86 14 9738
86 19 2860
86 20 1295
86 37 5738
86 46 8014
86 53 6949
86 68 6776
86 70 1233
86 71 6996
86 99 4625
87 43 4461
87 49 1248
87 55 4516
87 76 4553
87 78 6231
87 79 7272
87 94 4076
87 100 8980
88 1 8662
88 7 5422
88 26 3180
88 33 8623
88 47 6955
88 54 1912
88 57 2891
88 60 8775
88 62 126
88 67 9827
88 81 8658
88 87 6711
89 7 7439
89 9 7170
89 19 2405
89 21 313
89 27 6156
89 43 6051
89 52 5798
89 53 7932
89 65 420
89 66 3246
89 68 4880
89 79 9579
89 90 1467
89 93 1933
89 95 5847
89 97 9244
90 3 9092
90 26 4704
90 46 2140
90 49 8562
90 52 4346
90 53 7832
90 63 2746
90 68 1691
90 93 3438
90 97 6770
90 100 1794
91 27 1429
91 38 2973
91 45 2904
91 55 9345
91 62 6622
91 67 6380
91 83 1566
91 85 3509
91 92 799
92 19 1625
92 30 1294
92 39 3698
92 43 2009
92 47 118
92 50 4339
93 4 5255
93 35 4008
93 36 6940
93 39 8422
93 44 5251
93 52 8614
93 92 2304
94 29 9748
94 32 9549
94 34 9352
94 42 4191
94 43 7251
94 48 1153
94 62 6322
94 76 2356
94 82 8102
94 90 9715
95 20 2341
95 27 3487
95 29 4489
95 31 2456
95 43 324
95 64 7665
95 87 1593
95 98 6123
95 99 1917
96 3 6064
96 43 6864
96 49 409
96 56 7384
96 61 9872
96 64 550
96 69 2443
96 76 6744
96 85 529
96 88 7389
96 89 2670
96 91 2135
97 21 1108
97 32 9701
97 41 1890
97 44 1456
97 48 9073
97 84 1591
98 6 9579
98 14 3255
98 23 218
98 41 4446
98 43 3491
98 84 2866
98 93 3796
99 5 3750
99 17 421
99 23 9769
99 25 9048
99 32 7038
99 47 8316
99 62 6263
99 66 2867
99 74 3190
99 82 9609
99 98 7296
100 3 8705
100 11 2905
100 33 5750
100 34 1648
100 36 6840
100 38 492
100 54 3040
100 56 4268
100 72 5758
100 84 6846
P 98
P 100
P 49
P 38
P 43
